1 2 3 4 8 9 18 24 26 29 32 256 85 64 70 68 79 49 61 60 63 73 62 71 57 55 58 66 56 63 55 71 38 53 53 66 45 41 55 46 52 46 42 52 44 46 44 54 39 48 41 43 41 50 38 37 38 48 39 44 34 44 39 41 33 49 28 45 41 53 36 31 27 44 40 52 35 31 8 17 14 20 16 13 3360 2 2 3 3 2 2 2 1 1 1 1 1 125 120 120 110 85 80 80 60 60 60 60 40 1000 9 10 10 0 11 7 7 10 7 5 5 18 3360 
1 2 3 4 8 9 18 24 26 29 103 109 85 64 70 68 79 49 61 60 63 73 62 71 57 55 58 66 56 63 55 71 38 53 53 66 45 41 55 46 52 46 42 52 44 46 44 54 39 48 41 43 41 50 38 37 38 48 39 44 34 44 39 41 33 49 28 45 41 53 36 31 26 36 38 8 40 29 25 28 40 25 29 29 3396 2 2 3 3 2 2 2 1 1 1 1 1 125 120 120 110 85 80 80 60 60 60 50 50 1000 9 10 10 0 11 7 7 10 7 5 3 19 3396 
1 2 3 4 8 9 18 24 26 30 29 116 85 64 70 68 79 49 61 60 63 73 62 71 57 55 58 66 56 63 55 71 38 53 53 66 45 41 55 46 52 46 42 52 44 46 44 54 39 48 41 43 41 50 38 37 38 48 39 44 34 44 39 41 33 49 33 41 39 45 37 35 28 45 41 53 36 31 26 31 29 25 31 26 3441 2 2 3 3 2 2 2 1 1 0 1 0 125 120 120 110 85 80 80 60 60 55 60 45 1000 9 10 10 0 11 7 7 10 7 5 5 14 3441 
1 2 3 4 8 9 18 24 26 30 51 59 85 64 70 68 79 49 61 60 63 73 62 71 57 55 58 66 56 63 55 71 38 53 53 66 45 41 55 46 52 46 42 52 44 46 44 54 39 48 41 43 41 50 38 37 38 48 39 44 34 44 39 41 33 49 33 41 39 45 37 35 32 37 34 40 36 34 30 33 47 30 34 34 3460 2 2 3 3 2 2 2 1 1 0 0 1 125 120 120 110 85 80 80 60 60 55 50 50 995 9 10 10 0 11 7 7 10 7 5 18 19 3460 
1 2 3 4 8 9 18 24 26 30 63 29 85 64 70 68 79 49 61 60 63 73 62 71 57 55 58 66 56 63 55 71 38 53 53 66 45 41 55 46 52 46 42 52 44 46 44 54 39 48 41 43 41 50 38 37 38 48 39 44 34 44 39 41 33 49 33 41 39 45 37 35 31 37 36 33 37 31 28 45 41 53 36 31 3478 2 2 3 3 2 2 2 1 1 0 0 1 125 120 120 110 85 80 80 60 60 55 45 60 1000 9 10 10 0 11 7 7 10 7 5 1 5 3478 
1 2 3 4 8 9 18 24 27 30 51 29 85 64 70 68 79 49 61 60 63 73 62 71 57 55 58 66 56 63 55 71 38 53 53 66 45 41 55 46 52 46 42 52 44 46 44 54 39 48 41 43 41 50 38 37 38 48 39 44 37 41 39 40 36 44 33 41 39 45 37 35 32 37 34 40 36 34 28 45 41 53 36 31 3483 2 2 3 3 2 2 2 1 0 0 0 1 125 120 120 110 85 80 80 60 55 55 50 60 1000 9 10 10 0 11 7 7 10 7 5 18 5 3483 
1 2 3 4 8 9 18 24 27 44 29 32 85 64 70 68 79 49 61 60 63 73 62 71 57 55 58 66 56 63 55 71 38 53 53 66 45 41 55 46 52 46 42 52 44 46 44 54 39 48 41 43 41 50 38 37 38 48 39 44 37 41 39 40 36 44 34 38 39 31 40 35 28 45 41 53 36 31 27 44 40 52 35 31 3486 2 2 3 3 2 2 2 1 0 0 1 1 125 120 120 110 85 80 80 60 55 45 60 60 1000 9 10 10 0 11 7 7 10 7 3 5 5 3486 
1 2 3 4 8 9 18 24 27 44 30 29 85 64 70 68 79 49 61 60 63 73 62 71 57 55 58 66 56 63 55 71 38 53 53 66 45 41 55 46 52 46 42 52 44 46 44 54 39 48 41 43 41 50 38 37 38 48 39 44 37 41 39 40 36 44 34 38 39 31 40 35 33 41 39 45 37 35 28 45 41 53 36 31 3487 2 2 3 3 2 2 2 1 0 0 0 1 125 120 120 110 85 80 80 60 55 45 55 60 995 9 10 10 0 11 7 7 10 7 3 5 5 3487 
1 2 3 4 8 9 20 18 26 30 63 29 85 64 70 68 79 49 61 60 63 73 62 71 57 55 58 66 56 63 55 71 38 53 53 66 45 41 55 46 52 46 42 52 44 46 44 54 41 40 40 47 42 45 39 48 41 43 41 50 34 44 39 41 33 49 33 41 39 45 37 35 31 37 36 33 37 31 28 45 41 53 36 31 3489 2 2 3 3 2 2 0 2 1 0 0 1 125 120 120 110 85 80 60 80 60 55 45 60 1000 9 10 10 0 11 7 10 7 7 5 1 5 3489 
1 2 3 4 8 9 20 18 27 30 51 29 85 64 70 68 79 49 61 60 63 73 62 71 57 55 58 66 56 63 55 71 38 53 53 66 45 41 55 46 52 46 42 52 44 46 44 54 41 40 40 47 42 45 39 48 41 43 41 50 37 41 39 40 36 44 33 41 39 45 37 35 32 37 34 40 36 34 28 45 41 53 36 31 3494 2 2 3 3 2 2 0 2 0 0 0 1 125 120 120 110 85 80 60 80 55 55 50 60 1000 9 10 10 0 11 7 10 7 7 5 18 5 3494 
1 2 3 4 8 9 20 18 27 44 29 32 85 64 70 68 79 49 61 60 63 73 62 71 57 55 58 66 56 63 55 71 38 53 53 66 45 41 55 46 52 46 42 52 44 46 44 54 41 40 40 47 42 45 39 48 41 43 41 50 37 41 39 40 36 44 34 38 39 31 40 35 28 45 41 53 36 31 27 44 40 52 35 31 3497 2 2 3 3 2 2 0 2 0 0 1 1 125 120 120 110 85 80 60 80 55 45 60 60 1000 9 10 10 0 11 7 10 7 7 3 5 5 3497 
1 2 3 4 8 9 20 18 27 44 30 29 85 64 70 68 79 49 61 60 63 73 62 71 57 55 58 66 56 63 55 71 38 53 53 66 45 41 55 46 52 46 42 52 44 46 44 54 41 40 40 47 42 45 39 48 41 43 41 50 37 41 39 40 36 44 34 38 39 31 40 35 33 41 39 45 37 35 28 45 41 53 36 31 3498 2 2 3 3 2 2 0 2 0 0 0 1 125 120 120 110 85 80 60 80 55 45 55 60 995 9 10 10 0 11 7 10 7 7 3 5 5 3498 
1 2 3 4 8 9 20 18 31 42 26 30 85 64 70 68 79 49 61 60 63 73 62 71 57 55 58 66 56 63 55 71 38 53 53 66 45 41 55 46 52 46 42 52 44 46 44 54 41 40 40 47 42 45 39 48 41 43 41 50 38 36 42 38 40 36 37 41 31 34 35 41 34 44 39 41 33 49 33 41 39 45 37 35 3499 2 2 3 3 2 2 0 2 0 0 1 0 125 120 120 110 85 80 60 80 55 50 60 55 1000 9 10 10 0 11 7 10 7 11 0 7 5 3499 
1 2 3 4 8 9 20 21 31 27 26 30 85 64 70 68 79 49 61 60 63 73 62 71 57 55 58 66 56 63 55 71 38 53 53 66 45 41 55 46 52 46 42 52 44 46 44 54 41 40 40 47 42 45 39 42 53 38 40 40 38 36 42 38 40 36 37 41 39 40 36 44 34 44 39 41 33 49 33 41 39 45 37 35 3507 2 2 3 3 2 2 0 3 0 0 1 0 125 120 120 110 85 80 60 75 55 55 60 55 1000 9 10 10 0 11 7 10 19 11 7 7 5 3507 
1 2 3 4 8 10 9 18 27 30 63 29 85 64 70 68 79 49 61 60 63 73 62 71 57 55 58 66 56 63 55 71 38 53 53 66 45 41 55 46 52 46 43 43 44 55 46 51 42 52 44 46 44 54 39 48 41 43 41 50 37 41 39 40 36 44 33 41 39 45 37 35 31 37 36 33 37 31 28 45 41 53 36 31 3513 2 2 3 3 2 1 2 2 0 0 0 1 125 120 120 110 85 65 80 80 55 55 45 60 1000 9 10 10 0 11 10 7 7 7 5 1 5 3513 
1 2 3 4 8 10 9 18 27 39 44 30 85 64 70 68 79 49 61 60 63 73 62 71 57 55 58 66 56 63 55 71 38 53 53 66 45 41 55 46 52 46 43 43 44 55 46 51 42 52 44 46 44 54 39 48 41 43 41 50 37 41 39 40 36 44 35 44 43 24 44 34 34 38 39 31 40 35 33 41 39 45 37 35 3515 2 2 3 3 2 1 2 2 0 3 0 0 125 120 120 110 85 65 80 80 55 60 45 55 1000 9 10 10 0 11 10 7 7 7 3 3 5 3515 
1 2 3 4 8 10 9 18 27 44 30 29 85 64 70 68 79 49 61 60 63 73 62 71 57 55 58 66 56 63 55 71 38 53 53 66 45 41 55 46 52 46 43 43 44 55 46 51 42 52 44 46 44 54 39 48 41 43 41 50 37 41 39 40 36 44 34 38 39 31 40 35 33 41 39 45 37 35 28 45 41 53 36 31 3525 2 2 3 3 2 1 2 2 0 0 0 1 125 120 120 110 85 65 80 80 55 45 55 60 1000 9 10 10 0 11 10 7 7 7 3 5 5 3525 
