1 21 20 14 10 8 32 31 30 29 13 28 25 24 0 0 0 0 0 1 53 43 42 45 52 32 38 37 38 48 39 44 33 42 37 39 31 46 37 36 35 45 36 40 30 33 47 30 34 34 45 41 55 46 52 46 39 48 41 43 41 50 42 42 44 50 43 48 42 52 44 46 44 54 29 31 38 28 30 30 39 42 53 38 40 40 43 32 42 35 37 25 43 35 29 32 37 33 2891 40 65 60 55 55 50 85 80 80 80 55 75 65 65 950 14 2 1 8 1 7 6 8 1 8 7 7 11 12 1 1 1 1 1 1 12 12 15 12 12 14 7 14 6 7 5 12 5 7 5 15 7 3 2891 
1 21 20 14 10 8 32 31 30 29 13 34 17 16 0 0 0 0 0 1 53 43 42 45 52 32 38 37 38 48 39 44 33 42 37 39 31 46 37 36 35 45 36 40 30 33 47 30 34 34 45 41 55 46 52 46 39 48 41 43 41 50 42 42 44 50 43 48 42 52 44 46 44 54 29 31 38 28 30 30 53 42 45 44 50 34 37 31 35 34 35 44 35 44 43 24 44 34 2918 40 65 60 55 55 50 85 80 80 80 55 95 60 60 960 14 2 1 8 1 7 6 8 1 8 7 2 16 17 1 1 1 1 1 1 12 12 6 15 12 12 7 14 14 12 5 3 5 7 5 7 7 7 2918 
1 21 20 14 10 8 32 31 30 29 13 34 25 16 0 0 0 0 0 1 53 43 42 45 52 32 38 37 38 48 39 44 33 42 37 39 31 46 37 36 35 45 36 40 30 33 47 30 34 34 45 41 55 46 52 46 39 48 41 43 41 50 42 42 44 50 43 48 42 52 44 46 44 54 29 31 38 28 30 30 53 42 45 44 50 34 43 32 42 35 37 25 35 44 43 24 44 34 2921 40 65 60 55 55 50 85 80 80 80 55 95 65 60 965 14 2 1 8 1 7 6 8 1 8 7 2 11 17 1 1 1 1 1 1 12 12 6 15 12 14 7 14 5 12 5 12 5 7 4 7 7 3 2921 
1 21 20 14 10 8 32 31 30 29 13 34 28 16 0 0 0 0 0 1 53 43 42 45 52 32 38 37 38 48 39 44 33 42 37 39 31 46 37 36 35 45 36 40 30 33 47 30 34 34 45 41 55 46 52 46 39 48 41 43 41 50 42 42 44 50 43 48 42 52 44 46 44 54 29 31 38 28 30 30 53 42 45 44 50 34 39 42 53 38 40 40 35 44 43 24 44 34 2946 40 65 60 55 55 50 85 80 80 80 55 95 75 60 975 14 2 1 8 1 7 6 8 1 8 7 2 7 17 1 1 1 1 1 1 12 12 6 15 12 12 7 7 5 12 5 3 5 6 4 7 7 7 2946 
1 21 20 14 10 8 32 31 30 29 13 35 28 16 0 0 0 0 0 1 53 43 42 45 52 32 38 37 38 48 39 44 33 42 37 39 31 46 37 36 35 45 36 40 30 33 47 30 34 34 45 41 55 46 52 46 39 48 41 43 41 50 42 42 44 50 43 48 42 52 44 46 44 54 29 31 38 28 30 30 44 55 31 42 41 50 39 42 53 38 40 40 35 44 43 24 44 34 2951 40 65 60 55 55 50 85 80 80 80 55 95 75 60 975 14 2 1 8 1 7 6 8 1 8 7 5 7 17 1 1 1 1 1 1 12 12 13 15 12 12 7 7 6 12 5 3 5 6 5 7 7 7 2951 
1 21 20 14 10 8 32 31 30 29 13 35 34 16 0 0 0 0 0 1 53 43 42 45 52 32 38 37 38 48 39 44 33 42 37 39 31 46 37 36 35 45 36 40 30 33 47 30 34 34 45 41 55 46 52 46 39 48 41 43 41 50 42 42 44 50 43 48 42 52 44 46 44 54 29 31 38 28 30 30 44 55 31 42 41 50 53 42 45 44 50 34 35 44 43 24 44 34 2967 40 65 60 55 55 50 85 80 80 80 55 95 95 60 995 14 2 1 8 1 7 6 8 1 8 7 5 2 17 1 1 1 1 1 1 12 12 13 15 12 12 7 7 6 12 5 3 5 6 5 7 7 7 2967 
1 21 20 14 10 8 32 31 30 29 13 36 17 16 0 0 0 0 0 1 53 43 42 45 52 32 38 37 38 48 39 44 33 42 37 39 31 46 37 36 35 45 36 40 30 33 47 30 34 34 45 41 55 46 52 46 39 48 41 43 41 50 42 42 44 50 43 48 42 52 44 46 44 54 29 31 38 28 30 30 55 71 38 53 53 66 37 31 35 34 35 44 35 44 43 24 44 34 3023 40 65 60 55 55 50 85 80 80 80 55 110 60 60 975 14 2 1 8 1 7 6 8 1 8 7 5 16 17 1 1 1 1 1 1 12 12 6 15 12 12 7 14 14 12 5 3 5 7 5 7 7 7 3023 
1 21 20 14 10 8 32 31 30 29 13 36 25 16 0 0 0 0 0 1 53 43 42 45 52 32 38 37 38 48 39 44 33 42 37 39 31 46 37 36 35 45 36 40 30 33 47 30 34 34 45 41 55 46 52 46 39 48 41 43 41 50 42 42 44 50 43 48 42 52 44 46 44 54 29 31 38 28 30 30 55 71 38 53 53 66 43 32 42 35 37 25 35 44 43 24 44 34 3026 40 65 60 55 55 50 85 80 80 80 55 110 65 60 980 14 2 1 8 1 7 6 8 1 8 7 5 11 17 1 1 1 1 1 1 12 12 6 15 12 14 7 14 5 12 5 12 5 7 4 7 7 3 3026 
1 21 20 14 10 8 32 31 30 29 13 36 28 16 0 0 0 0 0 1 53 43 42 45 52 32 38 37 38 48 39 44 33 42 37 39 31 46 37 36 35 45 36 40 30 33 47 30 34 34 45 41 55 46 52 46 39 48 41 43 41 50 42 42 44 50 43 48 42 52 44 46 44 54 29 31 38 28 30 30 55 71 38 53 53 66 39 42 53 38 40 40 35 44 43 24 44 34 3051 40 65 60 55 55 50 85 80 80 80 55 110 75 60 990 14 2 1 8 1 7 6 8 1 8 7 5 7 17 1 1 1 1 1 1 12 12 6 15 12 12 7 7 5 12 5 3 5 6 4 7 7 7 3051 
1 21 20 14 10 8 40 32 31 29 13 23 17 16 0 0 0 0 0 1 53 43 42 45 52 32 38 37 38 48 39 44 33 42 37 39 31 46 37 36 35 45 36 40 30 33 47 30 34 34 61 60 63 73 62 71 45 41 55 46 52 46 39 48 41 43 41 50 42 52 44 46 44 54 29 31 38 28 30 30 32 35 44 31 34 33 37 31 35 34 35 44 35 44 43 24 44 34 3056 40 65 60 55 55 50 120 85 80 80 55 65 60 60 970 14 2 1 8 1 7 1 6 8 8 7 7 16 17 1 1 1 1 1 1 12 12 6 15 12 12 7 14 14 12 5 3 13 7 5 7 7 13 3056 
1 21 20 14 10 8 40 32 31 29 13 24 17 16 0 0 0 0 0 1 53 43 42 45 52 32 38 37 38 48 39 44 33 42 37 39 31 46 37 36 35 45 36 40 30 33 47 30 34 34 61 60 63 73 62 71 45 41 55 46 52 46 39 48 41 43 41 50 42 52 44 46 44 54 29 31 38 28 30 30 43 35 29 32 37 33 37 31 35 34 35 44 35 44 43 24 44 34 3063 40 65 60 55 55 50 120 85 80 80 55 65 60 60 970 14 2 1 8 1 7 1 6 8 8 7 12 16 17 1 1 1 1 1 1 12 12 13 15 12 12 7 14 6 12 5 3 5 7 14 7 7 13 3063 
1 21 20 14 10 8 40 32 31 29 13 25 17 16 0 0 0 0 0 1 53 43 42 45 52 32 38 37 38 48 39 44 33 42 37 39 31 46 37 36 35 45 36 40 30 33 47 30 34 34 61 60 63 73 62 71 45 41 55 46 52 46 39 48 41 43 41 50 42 52 44 46 44 54 29 31 38 28 30 30 43 32 42 35 37 25 37 31 35 34 35 44 35 44 43 24 44 34 3069 40 65 60 55 55 50 120 85 80 80 55 65 60 60 970 14 2 1 8 1 7 1 6 8 8 7 11 16 17 1 1 1 1 1 1 12 12 6 15 12 13 7 14 14 12 5 12 5 13 5 7 7 3 3069 
1 21 20 14 10 8 40 32 31 29 13 28 17 16 0 0 0 0 0 1 53 43 42 45 52 32 38 37 38 48 39 44 33 42 37 39 31 46 37 36 35 45 36 40 30 33 47 30 34 34 61 60 63 73 62 71 45 41 55 46 52 46 39 48 41 43 41 50 42 52 44 46 44 54 29 31 38 28 30 30 39 42 53 38 40 40 37 31 35 34 35 44 35 44 43 24 44 34 3097 40 65 60 55 55 50 120 85 80 80 55 75 60 60 980 14 2 1 8 1 7 1 6 8 8 7 7 16 17 1 1 1 1 1 1 12 12 6 15 12 12 7 14 14 12 5 3 5 7 5 7 7 7 3097 
1 21 20 14 10 8 40 32 31 29 13 28 25 16 0 0 0 0 0 1 53 43 42 45 52 32 38 37 38 48 39 44 33 42 37 39 31 46 37 36 35 45 36 40 30 33 47 30 34 34 61 60 63 73 62 71 45 41 55 46 52 46 39 48 41 43 41 50 42 52 44 46 44 54 29 31 38 28 30 30 39 42 53 38 40 40 43 32 42 35 37 25 35 44 43 24 44 34 3100 40 65 60 55 55 50 120 85 80 80 55 75 65 60 985 14 2 1 8 1 7 1 6 8 8 7 7 11 17 1 1 1 1 1 1 12 12 6 15 12 14 7 14 5 12 5 12 5 7 4 7 7 3 3100 
1 21 20 14 10 8 40 32 31 29 13 34 17 16 0 0 0 0 0 1 53 43 42 45 52 32 38 37 38 48 39 44 33 42 37 39 31 46 37 36 35 45 36 40 30 33 47 30 34 34 61 60 63 73 62 71 45 41 55 46 52 46 39 48 41 43 41 50 42 52 44 46 44 54 29 31 38 28 30 30 53 42 45 44 50 34 37 31 35 34 35 44 35 44 43 24 44 34 3113 40 65 60 55 55 50 120 85 80 80 55 95 60 60 1000 14 2 1 8 1 7 1 6 8 8 7 2 16 17 1 1 1 1 1 1 12 12 6 15 12 12 7 14 14 12 5 3 5 7 5 7 7 7 3113 
1 21 20 14 10 8 40 32 31 29 13 35 17 16 0 0 0 0 0 1 53 43 42 45 52 32 38 37 38 48 39 44 33 42 37 39 31 46 37 36 35 45 36 40 30 33 47 30 34 34 61 60 63 73 62 71 45 41 55 46 52 46 39 48 41 43 41 50 42 52 44 46 44 54 29 31 38 28 30 30 44 55 31 42 41 50 37 31 35 34 35 44 35 44 43 24 44 34 3114 40 65 60 55 55 50 120 85 80 80 55 95 60 60 1000 14 2 1 8 1 7 1 6 8 8 7 5 16 17 1 1 1 1 1 1 12 12 13 15 12 12 7 14 6 12 5 3 5 7 14 7 7 7 3114 
