22 20 29 26 24 10 7 19 18 9 8 1 39 25 21 45 41 39 41 46 35 41 40 40 47 42 45 28 45 41 53 36 31 34 44 39 41 33 49 38 37 38 48 39 44 43 43 44 55 46 51 61 48 48 50 59 35 56 30 50 36 47 37 39 48 41 43 41 50 42 52 44 46 44 54 45 41 55 46 52 46 85 64 70 68 79 49 35 44 43 24 44 34 51 41 32 37 43 38 39 42 53 38 40 40 3584 60 60 60 60 60 65 70 90 80 80 85 15 60 80 75 1000 7 8 3 5 8 8 7 10 5 5 9 7 2 1 11 2 2 1 1 2 1 3 8 14 13 4 3 4 5 5 8 3 13 13 11 4 14 5 7 3584 
22 20 29 26 24 10 7 33 18 9 8 1 39 21 16 45 41 39 41 46 35 41 40 40 47 42 45 28 45 41 53 36 31 34 44 39 41 33 49 38 37 38 48 39 44 43 43 44 55 46 51 61 48 48 50 59 35 53 28 45 32 40 31 39 48 41 43 41 50 42 52 44 46 44 54 45 41 55 46 52 46 85 64 70 68 79 49 35 44 43 24 44 34 39 42 53 38 40 40 44 55 31 42 41 50 3588 60 60 60 60 60 65 70 75 80 80 85 15 60 75 95 1000 7 8 3 5 8 8 7 10 5 5 9 7 2 11 0 2 2 1 1 2 1 3 8 15 13 4 3 4 5 5 8 3 8 13 11 4 14 5 13 3588 
22 20 29 26 24 10 7 37 33 18 9 1 39 21 4 45 41 39 41 46 35 41 40 40 47 42 45 28 45 41 53 36 31 34 44 39 41 33 49 38 37 38 48 39 44 43 43 44 55 46 51 61 48 48 50 59 35 42 39 30 47 29 40 53 28 45 32 40 31 39 48 41 43 41 50 42 52 44 46 44 54 85 64 70 68 79 49 35 44 43 24 44 34 39 42 53 38 40 40 55 71 38 53 53 66 3636 60 60 60 60 60 65 70 70 75 80 80 15 60 75 110 1000 7 8 3 5 8 8 7 4 10 5 5 7 2 11 0 2 2 1 1 2 1 3 9 8 13 8 3 4 5 5 9 4 9 13 8 15 14 3 13 3636 
22 20 34 29 26 10 7 37 33 9 8 1 39 21 4 45 41 39 41 46 35 41 40 40 47 42 45 37 36 35 45 36 40 28 45 41 53 36 31 34 44 39 41 33 49 43 43 44 55 46 51 61 48 48 50 59 35 42 39 30 47 29 40 53 28 45 32 40 31 42 52 44 46 44 54 45 41 55 46 52 46 85 64 70 68 79 49 35 44 43 24 44 34 39 42 53 38 40 40 55 71 38 53 53 66 3648 60 60 55 60 60 65 70 70 75 80 85 15 60 75 110 1000 7 8 8 3 5 8 7 4 10 5 9 7 2 11 0 2 2 1 1 2 1 4 9 8 13 8 4 5 3 3 9 5 9 13 8 15 14 3 13 3648 
22 20 36 26 24 10 7 37 33 9 8 1 39 21 4 45 41 39 41 46 35 41 40 40 47 42 45 33 42 37 39 31 46 34 44 39 41 33 49 38 37 38 48 39 44 43 43 44 55 46 51 61 48 48 50 59 35 42 39 30 47 29 40 53 28 45 32 40 31 42 52 44 46 44 54 45 41 55 46 52 46 85 64 70 68 79 49 35 44 43 24 44 34 39 42 53 38 40 40 55 71 38 53 53 66 3650 60 60 55 60 60 65 70 70 75 80 85 15 60 75 110 1000 7 8 5 5 8 8 7 4 10 5 9 7 2 11 0 2 2 1 1 2 1 3 9 8 13 8 9 4 5 3 9 3 13 13 8 5 14 4 7 3650 
22 20 36 29 24 10 7 37 33 9 8 1 39 21 4 45 41 39 41 46 35 41 40 40 47 42 45 33 42 37 39 31 46 28 45 41 53 36 31 38 37 38 48 39 44 43 43 44 55 46 51 61 48 48 50 59 35 42 39 30 47 29 40 53 28 45 32 40 31 42 52 44 46 44 54 45 41 55 46 52 46 85 64 70 68 79 49 35 44 43 24 44 34 39 42 53 38 40 40 55 71 38 53 53 66 3651 60 60 55 60 60 65 70 70 75 80 85 15 60 75 110 1000 7 8 5 3 8 8 7 4 10 5 9 7 2 11 0 2 2 1 1 2 1 4 9 8 13 8 4 3 5 3 9 3 9 13 8 5 14 4 13 3651 
27 20 29 26 15 10 7 37 33 13 9 1 39 21 4 37 41 39 40 36 44 41 40 40 47 42 45 28 45 41 53 36 31 34 44 39 41 33 49 53 43 42 45 52 32 43 43 44 55 46 51 61 48 48 50 59 35 42 39 30 47 29 40 53 28 45 32 40 31 42 42 44 50 43 48 42 52 44 46 44 54 85 64 70 68 79 49 35 44 43 24 44 34 39 42 53 38 40 40 55 71 38 53 53 66 3654 55 60 60 60 65 65 70 70 75 80 80 15 60 75 110 1000 5 8 3 5 7 8 7 4 10 8 5 7 2 11 0 1 2 1 1 1 1 3 9 8 13 8 3 4 8 15 9 4 9 13 10 4 14 3 5 3654 
27 20 34 26 15 10 7 37 33 9 8 1 39 21 4 37 41 39 40 36 44 41 40 40 47 42 45 37 36 35 45 36 40 34 44 39 41 33 49 53 43 42 45 52 32 43 43 44 55 46 51 61 48 48 50 59 35 42 39 30 47 29 40 53 28 45 32 40 31 42 52 44 46 44 54 45 41 55 46 52 46 85 64 70 68 79 49 35 44 43 24 44 34 39 42 53 38 40 40 55 71 38 53 53 66 3663 55 60 55 60 65 65 70 70 75 80 85 15 60 75 110 1000 5 8 8 5 7 8 7 4 10 5 9 7 2 11 0 1 2 1 1 1 1 4 9 8 13 8 9 13 3 3 9 4 5 3 8 15 14 3 13 3663 
27 20 36 29 15 10 7 37 33 9 8 1 39 21 4 37 41 39 40 36 44 41 40 40 47 42 45 33 42 37 39 31 46 28 45 41 53 36 31 53 43 42 45 52 32 43 43 44 55 46 51 61 48 48 50 59 35 42 39 30 47 29 40 53 28 45 32 40 31 42 52 44 46 44 54 45 41 55 46 52 46 85 64 70 68 79 49 35 44 43 24 44 34 39 42 53 38 40 40 55 71 38 53 53 66 3664 55 60 55 60 65 65 70 70 75 80 85 15 60 75 110 1000 5 8 5 3 7 8 7 4 10 5 9 7 2 11 0 1 2 1 1 1 1 4 9 8 13 8 4 3 8 3 9 3 9 13 11 15 14 4 5 3664 
27 20 36 34 11 10 7 37 33 9 8 1 39 21 4 37 41 39 40 36 44 41 40 40 47 42 45 33 42 37 39 31 46 37 36 35 45 36 40 56 45 44 47 55 34 43 43 44 55 46 51 61 48 48 50 59 35 42 39 30 47 29 40 53 28 45 32 40 31 42 52 44 46 44 54 45 41 55 46 52 46 85 64 70 68 79 49 35 44 43 24 44 34 39 42 53 38 40 40 55 71 38 53 53 66 3667 55 60 55 55 70 65 70 70 75 80 85 15 60 75 110 1000 5 8 5 8 7 8 7 4 10 5 9 7 2 11 0 1 2 1 1 1 1 3 9 8 13 8 9 13 4 4 9 3 5 4 8 3 14 4 13 3667 
