1 24 23 21 13 10 9 8 4 17 6 3 0 0 0 0 0 1 56 45 44 47 55 34 34 31 43 34 39 32 28 28 14 34 13 29 39 22 33 28 25 8 34 28 33 32 33 40 61 60 63 73 62 71 42 39 30 47 29 40 20 23 23 16 23 20 39 42 53 38 40 40 51 41 32 37 43 38 2 3 3 3 3 3 3133 40 70 55 40 45 60 120 70 45 75 80 45 975 14 2 6 13 11 16 1 13 17 7 12 10 15 15 15 15 15 15 12 7 6 12 6 7 6 12 12 7 12 12 3133 
1 24 23 21 13 11 9 8 4 20 5 3 0 0 0 0 0 1 56 45 44 47 55 34 34 31 43 34 39 32 28 28 14 34 13 29 39 22 33 28 25 8 40 29 39 32 34 23 61 60 63 73 62 71 42 39 30 47 29 40 20 23 23 16 23 20 37 31 35 34 35 44 55 71 38 53 53 66 2 3 3 3 3 3 3195 40 70 55 40 45 60 120 70 45 60 110 45 990 14 2 6 13 11 11 1 13 17 16 5 10 15 15 15 15 15 15 12 7 6 12 6 7 6 12 12 7 12 12 3195 
1 24 23 21 13 11 10 9 4 17 5 2 0 0 0 0 0 1 56 45 44 47 55 34 34 31 43 34 39 32 28 28 14 34 13 29 39 22 33 28 25 8 40 29 39 32 34 23 34 28 33 32 33 40 61 60 63 73 62 71 20 23 23 16 23 20 39 42 53 38 40 40 55 71 38 53 53 66 3 3 3 3 2 2 3204 40 70 55 40 45 60 60 120 45 75 110 45 995 14 2 6 13 11 11 16 1 17 7 5 13 15 15 15 15 15 15 12 7 6 12 6 7 6 12 12 7 12 12 3204 
1 24 23 21 13 12 9 8 4 17 5 3 0 0 0 0 0 1 56 45 44 47 55 34 34 31 43 34 39 32 28 28 14 34 13 29 39 22 33 28 25 8 27 31 30 23 31 24 61 60 63 73 62 71 42 39 30 47 29 40 20 23 23 16 23 20 39 42 53 38 40 40 55 71 38 53 53 66 2 3 3 3 3 3 3206 40 70 55 40 45 50 120 70 45 75 110 45 995 14 2 6 13 11 20 1 13 17 7 5 10 15 15 15 15 15 15 12 7 6 12 6 7 9 12 12 9 12 12 3206 
1 24 23 21 13 12 10 9 8 22 5 3 0 0 0 0 0 1 56 45 44 47 55 34 34 31 43 34 39 32 28 28 14 34 13 29 39 22 33 28 25 8 27 31 30 23 31 24 34 28 33 32 33 40 61 60 63 73 62 71 42 39 30 47 29 40 35 44 43 24 44 34 55 71 38 53 53 66 2 3 3 3 3 3 3219 40 70 55 40 45 50 60 120 70 60 110 45 995 14 2 6 13 11 20 16 1 13 17 5 10 15 15 15 15 15 15 9 7 6 9 6 7 6 6 9 13 7 9 3219 
1 24 23 21 13 12 11 9 4 20 17 5 0 0 0 0 0 1 56 45 44 47 55 34 34 31 43 34 39 32 28 28 14 34 13 29 39 22 33 28 25 8 27 31 30 23 31 24 40 29 39 32 34 23 61 60 63 73 62 71 20 23 23 16 23 20 37 31 35 34 35 44 39 42 53 38 40 40 55 71 38 53 53 66 3230 40 70 55 40 45 50 60 120 45 60 75 110 1000 14 2 6 13 11 20 11 1 17 16 7 5 12 7 6 12 6 7 9 12 12 9 12 12 6 6 9 7 7 10 3230 
1 24 23 21 13 14 11 9 4 20 5 2 0 0 0 0 0 1 56 45 44 47 55 34 34 31 43 34 39 32 28 28 14 34 13 29 39 22 33 28 25 8 42 42 44 50 43 48 40 29 39 32 34 23 61 60 63 73 62 71 20 23 23 16 23 20 37 31 35 34 35 44 55 71 38 53 53 66 3 3 3 3 2 2 3237 40 70 55 40 45 80 60 120 45 60 110 45 1000 14 2 6 13 11 1 11 1 17 16 5 13 15 15 15 15 15 15 12 7 6 12 6 7 6 12 12 7 12 12 3237 
1 24 23 21 13 15 14 12 9 22 5 2 0 0 0 0 0 1 56 45 44 47 55 34 34 31 43 34 39 32 28 28 14 34 13 29 39 22 33 28 25 8 29 31 38 28 30 30 42 42 44 50 43 48 27 31 30 23 31 24 61 60 63 73 62 71 35 44 43 24 44 34 55 71 38 53 53 66 3 3 3 3 2 2 3247 40 70 55 40 45 55 80 50 120 60 110 45 1000 14 2 6 13 11 7 1 20 1 17 5 13 15 15 15 15 15 15 11 7 6 11 6 7 6 6 11 13 7 11 3247 
1 24 23 21 13 18 11 9 4 20 5 2 0 0 0 0 0 1 56 45 44 47 55 34 34 31 43 34 39 32 28 28 14 34 13 29 39 22 33 28 25 8 42 52 44 46 44 54 40 29 39 32 34 23 61 60 63 73 62 71 20 23 23 16 23 20 37 31 35 34 35 44 55 71 38 53 53 66 3 3 3 3 2 2 3250 40 70 55 40 45 80 60 120 45 60 110 45 1000 14 2 6 13 11 8 11 1 17 16 5 13 15 15 15 15 15 15 12 7 6 12 6 7 6 12 12 7 12 12 3250 
1 24 23 21 13 18 15 12 9 22 5 2 0 0 0 0 0 1 56 45 44 47 55 34 34 31 43 34 39 32 28 28 14 34 13 29 39 22 33 28 25 8 42 52 44 46 44 54 29 31 38 28 30 30 27 31 30 23 31 24 61 60 63 73 62 71 35 44 43 24 44 34 55 71 38 53 53 66 3 3 3 3 2 2 3260 40 70 55 40 45 80 55 50 120 60 110 45 1000 14 2 6 13 11 8 7 20 1 17 5 13 15 15 15 15 15 15 11 7 6 11 6 7 6 6 11 13 7 11 3260 
1 24 23 21 13 18 14 10 9 22 17 2 0 0 0 0 0 1 56 45 44 47 55 34 34 31 43 34 39 32 28 28 14 34 13 29 39 22 33 28 25 8 42 52 44 46 44 54 42 42 44 50 43 48 34 28 33 32 33 40 61 60 63 73 62 71 35 44 43 24 44 34 39 42 53 38 40 40 3 3 3 3 2 2 3266 40 70 55 40 45 80 80 60 120 60 75 45 1000 14 2 6 13 11 8 1 16 1 17 7 13 15 15 15 15 15 15 6 7 6 13 6 7 5 6 7 7 7 6 3266 
1 24 23 21 13 18 14 11 9 22 17 2 0 0 0 0 0 1 56 45 44 47 55 34 34 31 43 34 39 32 28 28 14 34 13 29 39 22 33 28 25 8 42 52 44 46 44 54 42 42 44 50 43 48 40 29 39 32 34 23 61 60 63 73 62 71 35 44 43 24 44 34 39 42 53 38 40 40 3 3 3 3 2 2 3269 40 70 55 40 45 80 80 60 120 60 75 45 1000 14 2 6 13 11 8 1 11 1 17 7 13 15 15 15 15 15 15 6 7 6 13 6 7 5 6 7 7 7 11 3269 
1 25 24 23 13 18 14 9 8 22 3 2 0 0 0 0 0 1 34 44 39 41 33 49 56 45 44 47 55 34 34 31 43 34 39 32 39 22 33 28 25 8 42 52 44 46 44 54 42 42 44 50 43 48 61 60 63 73 62 71 42 39 30 47 29 40 35 44 43 24 44 34 2 3 3 3 3 3 3 3 3 3 2 2 3278 40 60 70 55 45 80 80 120 70 60 45 45 1000 14 8 2 6 11 8 1 1 13 17 10 13 14 14 14 14 15 15 15 15 15 15 14 14 4 7 12 13 7 7 3278 
1 25 24 21 13 18 14 9 8 22 20 3 0 0 0 0 0 1 34 44 39 41 33 49 56 45 44 47 55 34 28 28 14 34 13 29 39 22 33 28 25 8 42 52 44 46 44 54 42 42 44 50 43 48 61 60 63 73 62 71 42 39 30 47 29 40 35 44 43 24 44 34 37 31 35 34 35 44 2 3 3 3 3 3 3287 40 60 70 40 45 80 80 120 70 60 60 45 1000 14 8 2 13 11 8 1 1 13 17 16 10 15 15 15 15 15 15 6 7 6 13 6 7 4 6 12 7 7 6 3287 
1 26 24 21 13 18 14 12 9 22 20 17 0 0 0 0 0 1 50 15 44 23 39 27 56 45 44 47 55 34 28 28 14 34 13 29 39 22 33 28 25 8 42 52 44 46 44 54 42 42 44 50 43 48 27 31 30 23 31 24 61 60 63 73 62 71 35 44 43 24 44 34 37 31 35 34 35 44 39 42 53 38 40 40 3289 40 50 70 40 45 80 80 50 120 60 60 75 1000 14 4 2 13 11 8 1 20 1 17 16 7 11 4 6 4 6 7 6 7 11 11 7 11 13 6 7 13 11 4 3289 
1 26 24 23 21 18 14 9 8 22 20 3 0 0 0 0 0 1 50 15 44 23 39 27 56 45 44 47 55 34 34 31 43 34 39 32 28 28 14 34 13 29 42 52 44 46 44 54 42 42 44 50 43 48 61 60 63 73 62 71 42 39 30 47 29 40 35 44 43 24 44 34 37 31 35 34 35 44 2 3 3 3 3 3 3292 40 50 70 55 40 80 80 120 70 60 60 45 1000 14 4 2 6 13 8 1 1 13 17 16 10 15 15 15 15 15 15 7 4 7 4 7 4 6 7 12 13 12 7 3292 
1 26 25 24 21 18 14 9 4 20 17 2 0 0 0 0 0 1 50 15 44 23 39 27 34 44 39 41 33 49 56 45 44 47 55 34 28 28 14 34 13 29 42 52 44 46 44 54 42 42 44 50 43 48 61 60 63 73 62 71 20 23 23 16 23 20 37 31 35 34 35 44 39 42 53 38 40 40 3 3 3 3 2 2 3294 40 50 60 70 40 80 80 120 45 60 75 45 995 14 4 8 2 13 8 1 1 17 16 7 13 15 15 15 15 15 15 12 4 7 12 7 12 7 12 12 4 12 4 3294 
1 26 25 24 21 18 14 12 9 20 17 2 0 0 0 0 0 1 50 15 44 23 39 27 34 44 39 41 33 49 56 45 44 47 55 34 28 28 14 34 13 29 42 52 44 46 44 54 42 42 44 50 43 48 27 31 30 23 31 24 61 60 63 73 62 71 37 31 35 34 35 44 39 42 53 38 40 40 3 3 3 3 2 2 3297 40 50 60 70 40 80 80 50 120 60 75 45 1000 14 4 8 2 13 8 1 20 1 16 7 13 15 15 15 15 15 15 11 4 7 4 7 11 7 7 11 11 11 4 3297 
1 26 25 24 21 18 14 12 9 22 17 2 0 0 0 0 0 1 50 15 44 23 39 27 34 44 39 41 33 49 56 45 44 47 55 34 28 28 14 34 13 29 42 52 44 46 44 54 42 42 44 50 43 48 27 31 30 23 31 24 61 60 63 73 62 71 35 44 43 24 44 34 39 42 53 38 40 40 3 3 3 3 2 2 3305 40 50 60 70 40 80 80 50 120 60 75 45 1000 14 4 8 2 13 8 1 20 1 17 7 13 15 15 15 15 15 15 11 4 7 4 7 11 7 7 11 11 11 4 3305 
1 33 26 25 24 14 9 8 4 17 3 2 0 0 0 0 0 1 61 48 48 50 59 35 50 15 44 23 39 27 34 44 39 41 33 49 56 45 44 47 55 34 42 42 44 50 43 48 61 60 63 73 62 71 42 39 30 47 29 40 20 23 23 16 23 20 39 42 53 38 40 40 2 3 3 3 3 3 3 3 3 3 2 2 3306 40 70 50 60 70 80 120 70 45 75 45 45 1000 14 2 4 8 2 1 1 13 17 7 10 13 14 14 14 14 15 15 15 15 15 15 14 14 12 5 12 12 12 12 3306 
1 33 26 25 24 18 9 8 4 17 3 2 0 0 0 0 0 1 61 48 48 50 59 35 50 15 44 23 39 27 34 44 39 41 33 49 56 45 44 47 55 34 42 52 44 46 44 54 61 60 63 73 62 71 42 39 30 47 29 40 20 23 23 16 23 20 39 42 53 38 40 40 2 3 3 3 3 3 3 3 3 3 2 2 3319 40 70 50 60 70 80 120 70 45 75 45 45 1000 14 2 4 8 2 8 1 13 17 7 10 13 14 14 14 14 15 15 15 15 15 15 14 14 12 5 12 12 12 12 3319 
1 33 28 25 24 18 9 8 4 20 3 2 0 0 0 0 0 1 61 48 48 50 59 35 38 37 38 48 39 44 34 44 39 41 33 49 56 45 44 47 55 34 42 52 44 46 44 54 61 60 63 73 62 71 42 39 30 47 29 40 20 23 23 16 23 20 37 31 35 34 35 44 2 3 3 3 3 3 3 3 3 3 2 2 3321 40 70 60 60 70 80 120 70 45 60 45 45 995 14 2 1 8 2 8 1 13 17 16 10 13 14 14 14 14 15 15 15 15 15 15 14 14 12 12 12 12 12 12 3321 
1 33 28 26 24 18 9 8 4 17 3 2 0 0 0 0 0 1 61 48 48 50 59 35 38 37 38 48 39 44 50 15 44 23 39 27 56 45 44 47 55 34 42 52 44 46 44 54 61 60 63 73 62 71 42 39 30 47 29 40 20 23 23 16 23 20 39 42 53 38 40 40 2 3 3 3 3 3 3 3 3 3 2 2 3323 40 70 60 50 70 80 120 70 45 75 45 45 1000 14 2 1 4 2 8 1 13 17 7 10 13 14 14 14 14 15 15 15 15 15 15 14 14 12 6 12 12 12 12 3323 
1 33 32 28 24 18 9 8 4 17 3 2 0 0 0 0 0 1 61 48 48 50 59 35 30 33 47 30 34 34 38 37 38 48 39 44 56 45 44 47 55 34 42 52 44 46 44 54 61 60 63 73 62 71 42 39 30 47 29 40 20 23 23 16 23 20 39 42 53 38 40 40 2 3 3 3 3 3 3 3 3 3 2 2 3325 40 70 50 60 70 80 120 70 45 75 45 45 1000 14 2 7 1 2 8 1 13 17 7 10 13 14 14 14 14 15 15 15 15 15 15 14 14 12 12 12 12 12 12 3325 
1 33 28 25 24 18 10 9 4 17 3 2 0 0 0 0 0 1 61 48 48 50 59 35 38 37 38 48 39 44 34 44 39 41 33 49 56 45 44 47 55 34 42 52 44 46 44 54 34 28 33 32 33 40 61 60 63 73 62 71 20 23 23 16 23 20 39 42 53 38 40 40 2 3 3 3 3 3 3 3 3 3 2 2 3330 40 70 60 60 70 80 60 120 45 75 45 45 1000 14 2 1 8 2 8 16 1 17 7 10 13 14 14 14 14 15 15 15 15 15 15 14 14 12 12 12 12 12 12 3330 
1 33 25 24 21 18 14 10 9 22 3 2 0 0 0 0 0 1 61 48 48 50 59 35 34 44 39 41 33 49 56 45 44 47 55 34 28 28 14 34 13 29 42 52 44 46 44 54 42 42 44 50 43 48 34 28 33 32 33 40 61 60 63 73 62 71 35 44 43 24 44 34 2 3 3 3 3 3 3 3 3 3 2 2 3337 40 70 60 70 40 80 80 60 120 60 45 45 1000 14 2 8 2 13 8 1 16 1 17 10 13 14 14 14 14 15 15 15 15 15 15 14 14 7 7 7 13 7 7 3337 
1 33 25 24 21 18 14 11 9 22 3 2 0 0 0 0 0 1 61 48 48 50 59 35 34 44 39 41 33 49 56 45 44 47 55 34 28 28 14 34 13 29 42 52 44 46 44 54 42 42 44 50 43 48 40 29 39 32 34 23 61 60 63 73 62 71 35 44 43 24 44 34 2 3 3 3 3 3 3 3 3 3 2 2 3340 40 70 60 70 40 80 80 60 120 60 45 45 1000 14 2 8 2 13 8 1 11 1 17 10 13 14 14 14 14 15 15 15 15 15 15 14 14 7 7 7 13 7 11 3340 
1 33 29 25 24 18 14 9 4 20 3 2 0 0 0 0 0 1 61 48 48 50 59 35 33 42 37 39 31 46 34 44 39 41 33 49 56 45 44 47 55 34 42 52 44 46 44 54 42 42 44 50 43 48 61 60 63 73 62 71 20 23 23 16 23 20 37 31 35 34 35 44 2 3 3 3 3 3 3 3 3 3 2 2 3347 40 70 55 60 70 80 80 120 45 60 45 45 1000 14 2 8 8 2 8 1 1 17 16 10 13 14 14 14 14 15 15 15 15 15 15 14 14 12 12 12 12 12 12 3347 
27 23 21 19 13 11 9 8 4 20 5 3 45 41 39 41 46 35 34 31 43 34 39 32 28 28 14 34 13 29 35 36 20 45 15 49 39 22 33 28 25 8 40 29 39 32 34 23 61 60 63 73 62 71 42 39 30 47 29 40 20 23 23 16 23 20 37 31 35 34 35 44 55 71 38 53 53 66 2 3 3 3 3 3 3371 60 55 40 55 45 60 120 70 45 60 110 45 995 2 6 13 14 11 11 1 13 17 16 5 10 15 15 15 15 15 15 12 7 5 12 5 7 5 12 6 7 6 12 3371 
27 23 21 19 13 11 10 9 4 17 5 2 45 41 39 41 46 35 34 31 43 34 39 32 28 28 14 34 13 29 35 36 20 45 15 49 39 22 33 28 25 8 40 29 39 32 34 23 34 28 33 32 33 40 61 60 63 73 62 71 20 23 23 16 23 20 39 42 53 38 40 40 55 71 38 53 53 66 3 3 3 3 2 2 3380 60 55 40 55 45 60 60 120 45 75 110 45 1000 2 6 13 14 11 11 16 1 17 7 5 13 15 15 15 15 15 15 12 7 5 12 5 7 5 12 6 7 6 12 3380 
27 23 21 19 13 12 9 8 4 17 5 3 45 41 39 41 46 35 34 31 43 34 39 32 28 28 14 34 13 29 35 36 20 45 15 49 39 22 33 28 25 8 27 31 30 23 31 24 61 60 63 73 62 71 42 39 30 47 29 40 20 23 23 16 23 20 39 42 53 38 40 40 55 71 38 53 53 66 2 3 3 3 3 3 3382 60 55 40 55 45 50 120 70 45 75 110 45 1000 2 6 13 14 11 20 1 13 17 7 5 10 15 15 15 15 15 15 12 7 5 12 5 7 9 12 6 9 6 12 3382 
27 23 21 19 13 12 10 9 8 22 5 3 45 41 39 41 46 35 34 31 43 34 39 32 28 28 14 34 13 29 35 36 20 45 15 49 39 22 33 28 25 8 27 31 30 23 31 24 34 28 33 32 33 40 61 60 63 73 62 71 42 39 30 47 29 40 35 44 43 24 44 34 55 71 38 53 53 66 2 3 3 3 3 3 3404 60 55 40 55 45 50 60 120 70 60 110 45 1000 2 6 13 14 11 20 16 1 13 17 5 10 15 15 15 15 15 15 9 7 5 9 5 7 5 5 6 13 6 9 3404 
27 23 21 19 13 14 12 9 8 22 20 17 45 41 39 41 46 35 34 31 43 34 39 32 28 28 14 34 13 29 35 36 20 45 15 49 39 22 33 28 25 8 42 42 44 50 43 48 27 31 30 23 31 24 61 60 63 73 62 71 42 39 30 47 29 40 35 44 43 24 44 34 37 31 35 34 35 44 39 42 53 38 40 40 3421 60 55 40 55 45 80 50 120 70 60 60 75 1000 2 6 13 14 11 1 20 1 13 17 16 7 10 7 5 10 5 7 5 5 6 13 6 10 4 4 10 7 7 5 3421 
27 23 21 19 13 18 12 9 8 22 20 17 45 41 39 41 46 35 34 31 43 34 39 32 28 28 14 34 13 29 35 36 20 45 15 49 39 22 33 28 25 8 42 52 44 46 44 54 27 31 30 23 31 24 61 60 63 73 62 71 42 39 30 47 29 40 35 44 43 24 44 34 37 31 35 34 35 44 39 42 53 38 40 40 3434 60 55 40 55 45 80 50 120 70 60 60 75 1000 2 6 13 14 11 8 20 1 13 17 16 7 10 7 5 10 5 7 5 5 6 13 6 10 4 4 10 7 7 5 3434 
27 23 21 19 13 18 14 9 8 22 20 3 45 41 39 41 46 35 34 31 43 34 39 32 28 28 14 34 13 29 35 36 20 45 15 49 39 22 33 28 25 8 42 52 44 46 44 54 42 42 44 50 43 48 61 60 63 73 62 71 42 39 30 47 29 40 35 44 43 24 44 34 37 31 35 34 35 44 2 3 3 3 3 3 3445 60 55 40 55 45 80 80 120 70 60 60 45 1000 2 6 13 14 11 8 1 1 13 17 16 10 15 15 15 15 15 15 5 7 5 13 5 7 4 5 6 7 6 5 3445 
27 24 21 19 13 14 12 9 8 22 17 3 45 41 39 41 46 35 56 45 44 47 55 34 28 28 14 34 13 29 35 36 20 45 15 49 39 22 33 28 25 8 42 42 44 50 43 48 27 31 30 23 31 24 61 60 63 73 62 71 42 39 30 47 29 40 35 44 43 24 44 34 39 42 53 38 40 40 2 3 3 3 3 3 3450 60 70 40 55 45 80 50 120 70 60 75 45 1000 2 2 13 14 11 1 20 1 13 17 7 10 15 15 15 15 15 15 10 7 5 10 5 7 5 5 6 13 6 10 3450 
27 24 21 19 13 15 14 12 9 22 20 17 45 41 39 41 46 35 56 45 44 47 55 34 28 28 14 34 13 29 35 36 20 45 15 49 39 22 33 28 25 8 29 31 38 28 30 30 42 42 44 50 43 48 27 31 30 23 31 24 61 60 63 73 62 71 35 44 43 24 44 34 37 31 35 34 35 44 39 42 53 38 40 40 3453 60 70 40 55 45 55 80 50 120 60 60 75 1000 2 2 13 14 11 7 1 20 1 17 16 7 11 7 5 11 5 7 5 5 6 13 6 11 9 9 11 7 7 5 3453 
27 24 21 19 13 18 11 10 9 22 17 2 45 41 39 41 46 35 56 45 44 47 55 34 28 28 14 34 13 29 35 36 20 45 15 49 39 22 33 28 25 8 42 52 44 46 44 54 40 29 39 32 34 23 34 28 33 32 33 40 61 60 63 73 62 71 35 44 43 24 44 34 39 42 53 38 40 40 3 3 3 3 2 2 3456 60 70 40 55 45 80 60 60 120 60 75 45 1000 2 2 13 14 11 8 11 16 1 17 7 13 15 15 15 15 15 15 5 7 5 13 5 7 11 5 6 7 6 10 3456 
27 24 21 19 13 18 12 9 8 22 17 3 45 41 39 41 46 35 56 45 44 47 55 34 28 28 14 34 13 29 35 36 20 45 15 49 39 22 33 28 25 8 42 52 44 46 44 54 27 31 30 23 31 24 61 60 63 73 62 71 42 39 30 47 29 40 35 44 43 24 44 34 39 42 53 38 40 40 2 3 3 3 3 3 3463 60 70 40 55 45 80 50 120 70 60 75 45 1000 2 2 13 14 11 8 20 1 13 17 7 10 15 15 15 15 15 15 10 7 5 10 5 7 5 5 6 13 6 10 3463 
27 24 21 19 13 18 14 12 9 22 20 2 45 41 39 41 46 35 56 45 44 47 55 34 28 28 14 34 13 29 35 36 20 45 15 49 39 22 33 28 25 8 42 52 44 46 44 54 42 42 44 50 43 48 27 31 30 23 31 24 61 60 63 73 62 71 35 44 43 24 44 34 37 31 35 34 35 44 3 3 3 3 2 2 3469 60 70 40 55 45 80 80 50 120 60 60 45 995 2 2 13 14 11 8 1 20 1 17 16 13 15 15 15 15 15 15 11 7 5 11 5 7 5 5 6 13 6 11 3469 
27 24 21 19 13 18 15 14 9 22 20 2 45 41 39 41 46 35 56 45 44 47 55 34 28 28 14 34 13 29 35 36 20 45 15 49 39 22 33 28 25 8 42 52 44 46 44 54 29 31 38 28 30 30 42 42 44 50 43 48 61 60 63 73 62 71 35 44 43 24 44 34 37 31 35 34 35 44 3 3 3 3 2 2 3477 60 70 40 55 45 80 55 80 120 60 60 45 1000 2 2 13 14 11 8 7 1 1 17 16 13 15 15 15 15 15 15 5 7 5 13 5 7 10 5 6 7 6 5 3477 
27 25 24 19 13 18 14 12 9 22 3 2 45 41 39 41 46 35 34 44 39 41 33 49 56 45 44 47 55 34 35 36 20 45 15 49 39 22 33 28 25 8 42 52 44 46 44 54 42 42 44 50 43 48 27 31 30 23 31 24 61 60 63 73 62 71 35 44 43 24 44 34 2 3 3 3 3 3 3 3 3 3 2 2 3478 60 60 70 55 45 80 80 50 120 60 45 45 1000 2 8 2 14 11 8 1 20 1 17 10 13 14 14 14 14 15 15 15 15 15 15 14 14 11 7 6 11 6 7 3478 
27 25 24 21 13 18 14 12 9 22 20 2 45 41 39 41 46 35 34 44 39 41 33 49 56 45 44 47 55 34 28 28 14 34 13 29 39 22 33 28 25 8 42 52 44 46 44 54 42 42 44 50 43 48 27 31 30 23 31 24 61 60 63 73 62 71 35 44 43 24 44 34 37 31 35 34 35 44 3 3 3 3 2 2 3489 60 60 70 40 45 80 80 50 120 60 60 45 1000 2 8 2 13 11 8 1 20 1 17 16 13 15 15 15 15 15 15 11 7 6 11 6 7 6 6 11 13 7 11 3489 
27 33 29 25 13 18 9 7 4 20 17 2 45 41 39 41 46 35 61 48 48 50 59 35 33 42 37 39 31 46 34 44 39 41 33 49 39 22 33 28 25 8 42 52 44 46 44 54 61 60 63 73 62 71 32 30 24 34 22 34 20 23 23 16 23 20 37 31 35 34 35 44 39 42 53 38 40 40 3 3 3 3 2 2 3490 60 70 55 60 45 80 120 55 45 60 75 45 1000 2 2 8 8 11 8 1 14 17 16 7 13 15 15 15 15 15 15 12 7 12 12 11 7 11 12 11 7 12 12 3490 
27 33 29 28 13 18 9 7 4 20 17 2 45 41 39 41 46 35 61 48 48 50 59 35 33 42 37 39 31 46 38 37 38 48 39 44 39 22 33 28 25 8 42 52 44 46 44 54 61 60 63 73 62 71 32 30 24 34 22 34 20 23 23 16 23 20 37 31 35 34 35 44 39 42 53 38 40 40 3 3 3 3 2 2 3494 60 70 55 60 45 80 120 55 45 60 75 45 1000 2 2 8 1 11 8 1 14 17 16 7 13 15 15 15 15 15 15 12 7 12 12 11 7 11 12 11 7 12 12 3494 
27 33 26 21 13 18 14 9 4 20 17 2 45 41 39 41 46 35 61 48 48 50 59 35 50 15 44 23 39 27 28 28 14 34 13 29 39 22 33 28 25 8 42 52 44 46 44 54 42 42 44 50 43 48 61 60 63 73 62 71 20 23 23 16 23 20 37 31 35 34 35 44 39 42 53 38 40 40 3 3 3 3 2 2 3495 60 70 50 40 45 80 80 120 45 60 75 45 1000 2 2 4 13 11 8 1 1 17 16 7 13 15 15 15 15 15 15 12 5 6 12 6 7 6 7 12 5 12 12 3495 
27 33 28 25 13 18 12 9 4 20 17 2 45 41 39 41 46 35 61 48 48 50 59 35 38 37 38 48 39 44 34 44 39 41 33 49 39 22 33 28 25 8 42 52 44 46 44 54 27 31 30 23 31 24 61 60 63 73 62 71 20 23 23 16 23 20 37 31 35 34 35 44 39 42 53 38 40 40 3 3 3 3 2 2 3497 60 70 60 60 45 80 50 120 45 60 75 45 1000 2 2 1 8 11 8 20 1 17 16 7 13 15 15 15 15 15 15 12 7 12 12 12 7 10 12 10 10 7 12 3497 
27 33 25 19 13 18 14 12 9 22 3 2 45 41 39 41 46 35 61 48 48 50 59 35 34 44 39 41 33 49 35 36 20 45 15 49 39 22 33 28 25 8 42 52 44 46 44 54 42 42 44 50 43 48 27 31 30 23 31 24 61 60 63 73 62 71 35 44 43 24 44 34 2 3 3 3 3 3 3 3 3 3 2 2 3498 60 70 60 55 45 80 80 50 120 60 45 45 1000 2 2 8 14 11 8 1 20 1 17 10 13 14 14 14 14 15 15 15 15 15 15 14 14 11 7 6 11 6 7 3498 
27 33 29 19 13 18 15 14 9 22 3 2 45 41 39 41 46 35 61 48 48 50 59 35 33 42 37 39 31 46 35 36 20 45 15 49 39 22 33 28 25 8 42 52 44 46 44 54 29 31 38 28 30 30 42 42 44 50 43 48 61 60 63 73 62 71 35 44 43 24 44 34 2 3 3 3 3 3 3 3 3 3 2 2 3503 60 70 55 55 45 80 55 80 120 60 45 45 1000 2 2 8 14 11 8 7 1 1 17 10 13 14 14 14 14 15 15 15 15 15 15 14 14 10 7 6 13 6 7 3503 
27 33 29 25 13 18 14 12 9 22 3 2 45 41 39 41 46 35 61 48 48 50 59 35 33 42 37 39 31 46 34 44 39 41 33 49 39 22 33 28 25 8 42 52 44 46 44 54 42 42 44 50 43 48 27 31 30 23 31 24 61 60 63 73 62 71 35 44 43 24 44 34 2 3 3 3 3 3 3 3 3 3 2 2 3506 60 70 55 60 45 80 80 50 120 60 45 45 1000 2 2 8 8 11 8 1 20 1 17 10 13 14 14 14 14 15 15 15 15 15 15 14 14 11 7 11 11 7 7 3506 
27 33 25 21 13 18 14 12 9 22 20 2 45 41 39 41 46 35 61 48 48 50 59 35 34 44 39 41 33 49 28 28 14 34 13 29 39 22 33 28 25 8 42 52 44 46 44 54 42 42 44 50 43 48 27 31 30 23 31 24 61 60 63 73 62 71 35 44 43 24 44 34 37 31 35 34 35 44 3 3 3 3 2 2 3509 60 70 60 40 45 80 80 50 120 60 60 45 1000 2 2 8 13 11 8 1 20 1 17 16 13 15 15 15 15 15 15 11 7 6 11 6 7 6 6 11 13 7 11 3509 
27 33 29 28 13 18 16 9 8 22 20 2 45 41 39 41 46 35 61 48 48 50 59 35 33 42 37 39 31 46 38 37 38 48 39 44 39 22 33 28 25 8 42 52 44 46 44 54 27 26 21 29 19 29 61 60 63 73 62 71 42 39 30 47 29 40 35 44 43 24 44 34 37 31 35 34 35 44 3 3 3 3 2 2 3512 60 70 55 60 45 80 45 120 70 60 60 45 1000 2 2 8 1 11 8 14 1 13 17 16 13 15 15 15 15 15 15 10 7 10 13 10 7 5 10 12 7 7 10 3512 
27 33 26 21 13 18 16 14 9 22 17 2 45 41 39 41 46 35 61 48 48 50 59 35 50 15 44 23 39 27 28 28 14 34 13 29 39 22 33 28 25 8 42 52 44 46 44 54 27 26 21 29 19 29 42 42 44 50 43 48 61 60 63 73 62 71 35 44 43 24 44 34 39 42 53 38 40 40 3 3 3 3 2 2 3513 60 70 50 40 45 80 45 80 120 60 75 45 1000 2 2 4 13 11 8 14 1 1 17 7 13 15 15 15 15 15 15 10 5 6 5 6 7 6 7 10 13 10 5 3513 
27 33 28 25 13 18 16 12 9 22 17 2 45 41 39 41 46 35 61 48 48 50 59 35 38 37 38 48 39 44 34 44 39 41 33 49 39 22 33 28 25 8 42 52 44 46 44 54 27 26 21 29 19 29 27 31 30 23 31 24 61 60 63 73 62 71 35 44 43 24 44 34 39 42 53 38 40 40 3 3 3 3 2 2 3515 60 70 60 60 45 80 45 50 120 60 75 45 1000 2 2 1 8 11 8 14 20 1 17 7 13 15 15 15 15 15 15 10 7 10 11 10 7 11 10 11 13 7 11 3515 
27 33 29 26 13 18 16 14 9 22 20 2 45 41 39 41 46 35 61 48 48 50 59 35 33 42 37 39 31 46 50 15 44 23 39 27 39 22 33 28 25 8 42 52 44 46 44 54 27 26 21 29 19 29 42 42 44 50 43 48 61 60 63 73 62 71 35 44 43 24 44 34 37 31 35 34 35 44 3 3 3 3 2 2 3523 60 70 55 50 45 80 45 80 120 60 60 45 1000 2 2 8 4 11 8 14 1 1 17 16 13 15 15 15 15 15 15 10 6 10 6 10 7 5 7 7 13 7 6 3523 
30 33 29 24 13 18 16 9 4 20 17 2 41 40 40 47 42 45 61 48 48 50 59 35 33 42 37 39 31 46 56 45 44 47 55 34 39 22 33 28 25 8 42 52 44 46 44 54 27 26 21 29 19 29 61 60 63 73 62 71 20 23 23 16 23 20 37 31 35 34 35 44 39 42 53 38 40 40 3 3 3 3 2 2 3525 60 70 55 70 45 80 45 120 45 60 75 45 1000 1 2 8 2 11 8 14 1 17 16 7 13 15 15 15 15 15 15 12 7 10 12 10 7 10 12 12 7 12 12 3525 
30 33 29 24 13 18 16 11 9 22 20 2 41 40 40 47 42 45 61 48 48 50 59 35 33 42 37 39 31 46 56 45 44 47 55 34 39 22 33 28 25 8 42 52 44 46 44 54 27 26 21 29 19 29 40 29 39 32 34 23 61 60 63 73 62 71 35 44 43 24 44 34 37 31 35 34 35 44 3 3 3 3 2 2 3530 60 70 55 70 45 80 45 60 120 60 60 45 1000 1 2 8 2 11 8 14 11 1 17 16 13 15 15 15 15 15 15 10 7 10 13 10 7 5 10 7 7 7 11 3530 
