1 2 3 4 8 9 20 26 29 32 94 219 85 64 70 68 79 49 61 60 63 73 62 71 57 55 58 66 56 63 55 71 38 53 53 66 45 41 55 46 52 46 42 52 44 46 44 54 41 40 40 47 42 45 34 44 39 41 33 49 28 45 41 53 36 31 27 44 40 52 35 31 26 33 30 31 24 37 19 19 16 21 16 20 3313 2 2 3 3 2 2 0 1 1 1 1 0 125 120 120 110 85 80 60 60 60 60 55 45 980 9 10 10 0 11 7 10 7 5 5 7 6 3313 
1 2 3 4 8 9 20 26 29 32 116 109 85 64 70 68 79 49 61 60 63 73 62 71 57 55 58 66 56 63 55 71 38 53 53 66 45 41 55 46 52 46 42 52 44 46 44 54 41 40 40 47 42 45 34 44 39 41 33 49 28 45 41 53 36 31 27 44 40 52 35 31 26 31 29 25 31 26 25 28 40 25 29 29 3365 2 2 3 3 2 2 0 1 1 1 0 1 125 120 120 110 85 80 60 60 60 60 45 50 975 9 10 10 0 11 7 10 7 5 5 14 19 3365 
1 2 3 4 8 9 20 26 30 29 32 94 85 64 70 68 79 49 61 60 63 73 62 71 57 55 58 66 56 63 55 71 38 53 53 66 45 41 55 46 52 46 42 52 44 46 44 54 41 40 40 47 42 45 34 44 39 41 33 49 33 41 39 45 37 35 28 45 41 53 36 31 27 44 40 52 35 31 26 33 30 31 24 37 3432 2 2 3 3 2 2 0 1 0 1 1 1 125 120 120 110 85 80 60 60 55 60 60 55 990 9 10 10 0 11 7 10 7 5 5 5 7 3432 
1 2 3 4 8 9 20 26 30 46 29 32 85 64 70 68 79 49 61 60 63 73 62 71 57 55 58 66 56 63 55 71 38 53 53 66 45 41 55 46 52 46 42 52 44 46 44 54 41 40 40 47 42 45 34 44 39 41 33 49 33 41 39 45 37 35 31 40 35 37 29 44 28 45 41 53 36 31 27 44 40 52 35 31 3467 2 2 3 3 2 2 0 1 0 1 1 1 125 120 120 110 85 80 60 60 55 55 60 60 990 9 10 10 0 11 7 10 7 5 7 5 5 3467 
1 2 3 4 8 9 20 27 26 48 29 32 85 64 70 68 79 49 61 60 63 73 62 71 57 55 58 66 56 63 55 71 38 53 53 66 45 41 55 46 52 46 42 52 44 46 44 54 41 40 40 47 42 45 37 41 39 40 36 44 34 44 39 41 33 49 31 35 49 31 35 35 28 45 41 53 36 31 27 44 40 52 35 31 3474 2 2 3 3 2 2 0 0 1 1 1 1 125 120 120 110 85 80 60 55 60 60 60 60 995 9 10 10 0 11 7 10 7 7 19 5 5 3474 
1 2 3 4 8 9 20 31 26 36 29 32 85 64 70 68 79 49 61 60 63 73 62 71 57 55 58 66 56 63 55 71 38 53 53 66 45 41 55 46 52 46 42 52 44 46 44 54 41 40 40 47 42 45 38 36 42 38 40 36 34 44 39 41 33 49 33 42 37 39 31 46 28 45 41 53 36 31 27 44 40 52 35 31 3479 2 2 3 3 2 2 0 0 1 1 1 1 125 120 120 110 85 80 60 55 60 55 60 60 990 9 10 10 0 11 7 10 11 7 7 5 5 3479 
1 2 3 4 8 10 9 26 30 51 29 32 85 64 70 68 79 49 61 60 63 73 62 71 57 55 58 66 56 63 55 71 38 53 53 66 45 41 55 46 52 46 43 43 44 55 46 51 42 52 44 46 44 54 34 44 39 41 33 49 33 41 39 45 37 35 32 37 34 40 36 34 28 45 41 53 36 31 27 44 40 52 35 31 3491 2 2 3 3 2 1 2 1 0 0 1 1 125 120 120 110 85 65 80 60 55 50 60 60 990 9 10 10 0 11 10 7 7 5 18 5 5 3491 
1 2 3 4 8 10 9 27 26 30 29 32 85 64 70 68 79 49 61 60 63 73 62 71 57 55 58 66 56 63 55 71 38 53 53 66 45 41 55 46 52 46 43 43 44 55 46 51 42 52 44 46 44 54 37 41 39 40 36 44 34 44 39 41 33 49 33 41 39 45 37 35 28 45 41 53 36 31 27 44 40 52 35 31 3515 2 2 3 3 2 1 2 0 1 0 1 1 125 120 120 110 85 65 80 55 60 55 60 60 995 9 10 10 0 11 10 7 7 7 5 5 5 3515 
1 2 3 4 15 8 9 20 26 30 29 32 85 64 70 68 79 49 61 60 63 73 62 71 57 55 58 66 56 63 55 71 38 53 53 66 53 43 42 45 52 32 45 41 55 46 52 46 42 52 44 46 44 54 41 40 40 47 42 45 34 44 39 41 33 49 33 41 39 45 37 35 28 45 41 53 36 31 27 44 40 52 35 31 3518 2 2 3 3 1 2 2 0 1 0 1 1 125 120 120 110 65 85 80 60 60 55 60 60 1000 9 10 10 0 9 11 7 10 7 5 5 5 3518 
1 2 3 4 15 8 9 20 27 26 29 32 85 64 70 68 79 49 61 60 63 73 62 71 57 55 58 66 56 63 55 71 38 53 53 66 53 43 42 45 52 32 45 41 55 46 52 46 42 52 44 46 44 54 41 40 40 47 42 45 37 41 39 40 36 44 34 44 39 41 33 49 28 45 41 53 36 31 27 44 40 52 35 31 3525 2 2 3 3 1 2 2 0 0 1 1 1 125 120 120 110 65 85 80 60 55 60 60 60 1000 9 10 10 0 9 11 7 10 7 7 5 5 3525 
1 2 3 4 15 8 10 9 26 30 51 29 85 64 70 68 79 49 61 60 63 73 62 71 57 55 58 66 56 63 55 71 38 53 53 66 53 43 42 45 52 32 45 41 55 46 52 46 43 43 44 55 46 51 42 52 44 46 44 54 34 44 39 41 33 49 33 41 39 45 37 35 32 37 34 40 36 34 28 45 41 53 36 31 3529 2 2 3 3 1 2 1 2 1 0 0 1 125 120 120 110 65 85 65 80 60 55 50 60 995 9 10 10 0 9 11 10 7 7 5 18 5 3529 
1 2 3 4 15 8 10 9 27 26 30 29 85 64 70 68 79 49 61 60 63 73 62 71 57 55 58 66 56 63 55 71 38 53 53 66 53 43 42 45 52 32 45 41 55 46 52 46 43 43 44 55 46 51 42 52 44 46 44 54 37 41 39 40 36 44 34 44 39 41 33 49 33 41 39 45 37 35 28 45 41 53 36 31 3553 2 2 3 3 1 2 1 2 0 1 0 1 125 120 120 110 65 85 65 80 55 60 55 60 1000 9 10 10 0 9 11 10 7 7 7 5 5 3553 
